987 705
987 366
320 796
11 980
11 141
11 30
972 911
818 628
790 563
687 192
948 912
135 713
135 126
590 437
327 125
242 83
643 266
644 627
690 892
144 305
865 548
596 348
29 309
410 367
647 951
336 889
822 350
338 311
542 309
766 837
766 682
602 515
696 830
259 784
913 127
45 659
45 514
46 713
347 654
348 9
264 513
552 935
552 102
270 834
270 741
270 64
424 198
171 748
850 906
59 77
974 385
801 743
276 219
64 197
177 83
178 860
429 833
496 673
433 204
366 211
77 667
964 228
985 838
511 106
206 311
102 109
216 231
460 582
907 229
